job_adv.
138
0
0
2
4
9
4
0
3
37.205
1
0
0
54
5
2
0
0
26
0
1
1
74
2
0
1
160
185
892
0
0
4
0
2
19
0
1
26
0
3
2
0
2
2
368
6
238
19
37.205
2
0
37.205
12
51
90
279
0
131
20
0
52
20
20
0
6
1
2
3
0
16
6
0
1
22
0
1
1
37.205
37.205
274
37.205
37.205
23
317
3
874
37.205
37.205
0
0
0
0
0
1
0
37.205
0
26
605
37.205
37.205
1
133
91
5
0
0
165
4
1
0
166
0
0
17
48
226
67
222
222
2
0
0
1
0
1
37.205
4
4
14
160
1
95
0
0
0
0
0
0
0
0
11
0
0
0
23
105
3
0
2
21
3
1
4
5
37.205
37.205
45
141
227
0
140
1
1
363
9
657
5
80
4
8
0
10
56
2
1
2
41
2
33
10
7
16
0
0
33
4
0
32
0
61
0
6
0
7
1
97
0
109
9
10
10
3
1
0
2
0
0
0
79
37.205
571
1
2
5
4
531
472
2.991
905
1.465
0
3
0
32
37.205
3
6
37.205
64
45
2
1
247
37.205
37.205
178
10
4
0
41
10
37.205
3
321
3
8
224
244
49
3
0
31
819
2
8
2.429
20
30
1
36
202
1
2
40
0
0
3
11
3
0
25
0
21
1
0
2
4
18
0
0
76
0
0
0
166
11
18
100
0
58
0
0
17
2
33
36
11
1
37.205
1
14
283
493
16
557
37.205
3
2
37.205
5
98
37.205
4
686
109
1
37.205
2
2
21
7
0
3
1
0
38
51
2
2
2
0
22
38
224
3
2
4
19
3
4
22
43
0
1
0
1
0
7
0
0
0
0
59
0
20
12
63
113
0
156
0
37
20
0
184
43
6
0
0
0
3
12
1
1
0
308
238
355
613
239
316
0
65
523
0
14
1
427
628
0
234
41
211
226
1
0
4
3
113
1
1
2
419
3
17
37.205
20
9
37.205
11
3
6
0
3
0
37.205
66
1
6
60
69
0
327
1
0
36
13
37.205
227
349
37.205
1
37.205
6
6
4
2
0
156
4
37.205
21
78
0
50
50
219
0
37.205
0
0
7
46
0
5
290
226
1.152
208
53
52
41
175
3
63
1
82
0
37.205
25
37.205
37.205
1
5
110
2
1
20
0
22
0
0
2
121
17
7
1
73
3
2
37.205
8
0
0
237
2
332
308
0
0
42
2
0
5
0
0
0
12
11
3
1
1
10
2
1.038
32
1
0
1
1
0
9
2
37.205
0
1
144
118
20
0
1
0
6
43
316
0
34
1
24
7
0
10
58
528
594
580
1
8
0
37.205
1
0
13
22
196
32
21
338
3
0
0
0
0
0
1
0
1
236
235
0
37.205
37.205
0
52
35
13
19
0
50
47
36
272
11
0
14
8
3
0
0
40
0
0
558
1
0
37.205
0
0
6
6
0
152
117
1
1
0
1
127
0
0
24
114
78
35
162
37.205
21
295
81
37.205
7
83
20
153
137
37.205
53
1
0
22
141
434
424
22
1
0
7
0
0
21
36
17
0
37.205
311
0
390
20
73
2
512
0
57
55
548
97
293
633
875
73
0
0
106
619
37.205
1
217
32
37.205
98
14
0
1
1.217
0
0
0
25
8
144
37.205
0
194
5
297
23
0
1
190
37.205
86
247
37.205
34
32
158
37.205
37.205
37.205
236
475
3
39
17
0
66
4
106
137
2
25
36
82
0
0
3
801
1.061
5
0
1
0
9
12
0
37.205
0
0
13
0
2
18
0
0
0
34
45
6
0
1
3
1
1
1
0
111
298
285
120
382
56
391
257
493
26
255
200
1.191
192
37.205
9
37.205
3
0
0
26
0
2
0
20
11
1
7
0
0
78
41
42
0
0
18
37.205
3
24
15
67
1
0
2
37.205
12
37.205
37.205
119
37.205
3
2
0
37.205
1
938
916
37.204
260
107
11
12
247
0
0
9
47
0
0
0
0
19
0
9
0
0
0
0
1
5
3
3
0
1
0
2
1
0
0
2
0
0
19
0
0
9
62
49
180
62
0
3
133
23
94
25
309
124
180
120
6
49
125
115
0
5
0
98
13
0
0
6
37
152
72
69
37.204
4
235
66
2
0
0
7
567
3.268
2.267
442
498
1
2
9
2.104
0
14
97
42
0
1
4
2
0
2
1
44
11
168
5
5
76
37.204
9
37
0
0
37
3
441
2
14
0
2
15
1
0
0
11
134
9
2
35
17
5
0
166
0
44
0
0
7
0
2
33
496
1
5
169
349
5
6
11
8
8
0
4
37.204
0
83
2
0
0
1
37.204
37.204
14
1
66
12
0
0
37
42
0
363
65
5
13
24
120
9
37.204
120
9
0
86
1
106
106
0
15
134
0
0
0
106
0
13
29
2.921
1.179
0
2.764
1.874
3.049
89
281
2
15
0
0
23
37.204
0
1
5
0
94
22
37.204
23
181
20
1.555
0
31
0
0
37.204
30
90
0
0
8
0
37.204
0
0
10
3
37.204
3
8
66
241
37.204
37.204
3
5
4
0
3
32
201
7
244
15
10
1
3
22
0
13
0
0
5
5
2
0
0
1
5
5
0
28
0
0
71
39
11
4
2
1
12
2
12
91
3
7
1
17
2.279
0
155
1
9
3
14
15
1
1
0
7
5
33
133
37.204
98
213
797
1
37.204
24
1
0
4
0
2
89
7
5
0
0
4
20
1
0
544
0
10
2
0
30
3
115
22
413
477
4
17
18
44
0
37.204
37.204
0
2
158
33
0
0
7
5
2
1
7
78
209
1.268
8
32
2
234
0
0
2
0
17
7
49
45
0
11
8
0
14
18
7
15
0
94
4
37.204
1
150
96
0
2
0
16
1
1
1
2
291
19
53
0
2
3
1
3
0
0
1
2
9
37.204
1
7
0
71
1
0
8
0
45
39
2
0
15
133
2
72
144
3.102
1.587
37.204
8
1
148
37.204
0
15
129
37.204
37.204
37.204
37.204
37.204
37.204
37.204
15.352
238
23
25
2
1
1.052
2.108
0
27
33
111
35
132
1.014
7.597
3.654
37.204
20
42
3
0
0
7
0
0
877
0
1
1
0
2
84
1
2
0
2
0
0
1
5
0
256
163
0
72
20
0
116
81
0
0
93
0
197
5
355
2
1
458
484
18
132
0
0
1
37.204
5
76
0
0
12
12
16
10
0
0
37.204
611
151
4
0
20
0
5
15
59
0
193
14
0
1
0
37.204
8
8
1
59
6
4
14
1
0
1
37.204
0
10
37.204
37.204
37.204
0
0
0
0
6
453
0
1
820
50
0
2
0
16
0
195
119
29
190
395
164
10
9
15
31
12
37.204
37.204
7
121
0
3
431
25
0
2
5
2
74
4
4
37.204
0
3
0
0
1
0
7
37.204
0
1
135
37.204
65
0
612
1.885
0
134
112
2
0
1
1
26
37.204
7
19
13
0
0
0
34
0
0
0
6
37.204
0
209
219
0
0
0
2
0
0
37.204
2
0
0
0
0
1
1
131
0
1
21
0
22
1.054
11
1
1.144
516
2.503
1.036
51
654
198
231
140
37.204
9
28
16
180
6
73
126
0
0
39
11
0
0
0
2
1
0
1
15
0
3
40
37.204
47
65
36
31
9
0
0
37.204
37.204
37.204
37.204
4
37.204
37.204
37.204
0
0
4
18
44
0
34
31
18
2
0
0
205
96
205
8
236
506
3
10
9
37.204
0
0
7
37.204
0
0
3
45
5
12
15
2
1
1
1
12
0
82
37.204
1.192
10
1.688
78
1
1.711
37
21
85
37.204
97
692
1.762
0
0
0
1
1
238
37.204
0
17
0
930
3
0
3
37.204
1
3
0
0
0
0
0
1
0
0
0
1
0
0
2
110
8
0
0
0
37.204
3
37.204
0
0
35
37.204
20
